SaberSerializer
107
80
88
84
71
6
50
93
41
98
5
28
55
45
95
95
21
66
91
17
30
20
11
44
89
29
93
88
63
4
11
7
33
9
78
94
96
95
48
75
83
59
19
35
33
10
73
11
70
75
71
78
55
50
40
94
47
91
28
34
82
42
67
16
13
95
67
27
86
12
21
81
15
36
31
11
76
55
26
69
64
88
43
7
47
95
23
94
4
75
77
21
6
88
13
62
35
2
94
70
29
39
47
1
64
59
50
39
56
82
91
44
54
73
98
94
80
18
69
20
49
77
14
51
47
3
93
32
9
74
62
3
97
48
21
2
6
76
42
22
95
70
1
97
1
39
69
25
83
86
39
51
71
39
9
16
68
36
92
53
65
89
42
88
5
91
53
21
98
94
34
41
3
57
62
56
11
44
95
67
66
7
17
41
50
93
7
34
77
92
49
37
96
4
54
63
14
19
41
71
